The order in this work:

0-'nose'	
1-'neck' 
2-'right_shoulder' 
3-'right_elbow' 
4-'right_wrist'
5-'left_shoulder' 
6-'left_elbow'	    
7-'left_wrist'  
8-'right_hip'
9-'right_knee'	 
10-'right_ankle'	
11-'left_hip'   
12-'left_knee'
13-'left_ankle'	 
14-'right_eye'	    
15-'left_eye'   
16-'right_ear'
17-'left_ear' 



example of joint_list_per_joint_type

[array
([[282.        , 126.        ,   0.9158176,    0.       ]]), array([[281.        , 168.        ,   0.8401264,    1.       ]]), array([[253.        , 168.        ,   0.76790105,   2.        ]]), array([[235.        , 222.        ,   0.64211679,   3.        ]]), array([[215.        , 267.        ,   0.67969105,   4.        ]]), array([[307.        , 169.        ,   0.71467651,   5.        ]]), array([[324.        , 222.        ,   0.78858888,   6.        ]]), array([[316.        , 173.        ,   0.67443209,   7.        ]]), array([[258.        , 268.        ,   0.46635042,   8.        ]]), array([[262.        , 370.        ,   0.66663032,   9.        ]]), array([[265.        , 457.        ,   0.46147758,  10.        ]]), array([[294.        , 271.        ,   0.47908441,  11.        ]]), array([[282.        , 371.        ,   0.7193838,   12.        ]]), array([[272.        , 450.        ,   0.46194808,  13.        ]]), array([[275.        , 120.        ,   0.93164608,  14.        ]]), array([[289.        , 120.        ,   0.89579213,  15.        ]]), array([[264.        , 127.        ,   0.90472493,  16.        ]]), array([[298.        , 127.        ,   0.77678071,  17.        ]])]


example of joint_list

[[282.         126.           0.9158176    0.           0.        ]
 [281.         168.           0.8401264    1.           1.        ]
 [253.         168.           0.76790105   2.           2.        ]
 [235.         222.           0.64211679   3.           3.        ]
 [215.         267.           0.67969105   4.           4.        ]
 [307.         169.           0.71467651   5.           5.        ]
 [324.         222.           0.78858888   6.           6.        ]
 [316.         173.           0.67443209   7.           7.        ]
 [258.         268.           0.46635042   8.           8.        ]
 [262.         370.           0.66663032   9.           9.        ]
 [265.         457.           0.46147758  10.          10.        ]
 [294.         271.           0.47908441  11.          11.        ]
 [282.         371.           0.7193838   12.          12.        ]
 [272.         450.           0.46194808  13.          13.        ]
 [275.         120.           0.93164608  14.          14.        ]
 [289.         120.           0.89579213  15.          15.        ]
 [264.         127.           0.90472493  16.          16.        ]
 [298.         127.           0.77678071  17.          17.        ]]
 
 
example of connected_limbs
[
array([[1.        , 2.        , 0.89126455, 0.        , 0.        ]]), array([[1.        , 5.        , 0.88670084, 0.        , 0.        ]]), array([[2.        , 3.        , 0.75380131, 0.        , 0.        ]]), array([[3.       , 4.       , 0.6676896, 0.       , 0.       ]]), array([[5.        , 6.        , 0.92140535, 0.        , 0.        ]]), array([[6.       , 7.       , 0.8030065, 0.       , 0.       ]]), array([[1.        , 8.        , 0.81281093, 0.        , 0.        ]]), array([[8.        , 9.        , 0.85933953, 0.        , 0.        ]]), array([[ 9.        , 10.        ,  0.86418495,  0.        ,  0.        ]]), array([[ 1.        , 11.        ,  0.87274916,  0.        ,  0.        ]]), array([[11.        , 12.        ,  0.81204457,  0.        ,  0.        ]]), array([[12.        , 13.        ,  0.71340017,  0.        ,  0.        ]]), array([[1.        , 0.        , 0.97038644, 0.        , 0.        ]]), array([[ 0.       , 14.       ,  1.0857464,  0.       ,  0.       ]]), array([[14.        , 16.        ,  0.89046545,  0.        ,  0.        ]]), array([[ 0.        , 15.        ,  0.89613258,  0.        ,  0.        ]]), array([[15.        , 17.        ,  0.96040527,  0.        ,  0.        ]]), array([[ 2.        , 16.        ,  0.83828211,  0.        ,  0.        ]]), array([[ 5.        , 17.        ,  0.85061104,  0.        ,  0.        ]])] 

example of person_to_joint_assoc
[[ 0.          1.          2.          3.          4.          5.
   6.          7.          8.          9.         10.         11.
  12.         13.         14.         15.         16.         17.
  27.44870242 18.        ]]
